1 0 1
1.40933 0.00388169 2
1.72329 0.00586438 3
1.9861 0.00664425 4
2.22971 0.00748537 5
2.45107 0.00817347 6
2.64939 0.00903568 7
2.83639 0.0103406 8
3.00674 0.011075 9
3.16443 0.0117277 10
3.31313 0.0126506 11
3.4593 0.0138468 12
3.59349 0.0147361 13
3.73462 0.0154171 14
3.86539 0.0165584 15
3.99035 0.0176044 16
4.11086 0.0176558 17
4.22989 0.018177 18
4.33784 0.0186353 19
4.43781 0.0181265 20
4.54441 0.0183438 21
4.65368 0.0184649 22
4.76546 0.019095 23
4.85934 0.0187926 24
4.96304 0.0196366 25
5.07362 0.0196849 26
5.1842 0.0211095 27
5.27803 0.0210917 28
5.3744 0.0217642 29
5.46574 0.0226249 30
5.55991 0.0213767 31
5.65336 0.02104 32
5.72966 0.0221519 33
5.81451 0.0224001 34
5.90377 0.0237817 35
5.99483 0.0246518 36
6.07816 0.025204 37
6.1587 0.0253211 38
6.24127 0.0244727 39
6.32401 0.0242327 40
6.4027 0.0248008 41
6.48794 0.0251397 42
6.55755 0.0255209 43
6.63609 0.0255696 44
6.7107 0.0256934 45
6.77759 0.0256304 46
6.85621 0.0261318 47
6.93971 0.026573 48
7.01461 0.0271827 49
7.08783 0.0289498 50
7.15753 0.029221 51
7.22513 0.0306688 52
7.30371 0.0308459 53
7.36708 0.031347 54
7.42855 0.0314617 55
7.49359 0.0322351 56
7.55286 0.0332529 57
7.62479 0.0337394 58
7.68474 0.0332447 59
7.75216 0.0339021 60
7.81991 0.0357254 61
7.88355 0.0362969 62
7.93629 0.0361678 63
8.00123 0.0356682 64
8.05959 0.0359947 65
8.11852 0.0365102 66
8.17487 0.036782 67
8.23404 0.0370213 68
8.2959 0.0364471 69
8.34599 0.0378581 70
8.406 0.0384622 71
8.47914 0.0381222 72
8.53124 0.0378354 73
8.58477 0.0382301 74
8.63712 0.0386278 75
8.68658 0.0385055 76
8.75196 0.0380824 77
8.80555 0.0389105 78
8.86759 0.0394797 79
8.91689 0.0407196 80
8.97842 0.0404404 81
9.03257 0.0403041 82
9.09167 0.040487 83
9.14319 0.0404938 84
9.19024 0.0410988 85
9.24834 0.041288 86
9.30426 0.0405776 87
9.364 0.0407237 88
9.40541 0.0407879 89
9.46121 0.0404302 90
9.51604 0.0398259 91
9.56763 0.038814 92
9.61501 0.0396685 93
9.66194 0.040077 94
9.71335 0.0408824 95
9.75962 0.0404701 96
9.80568 0.0395653 97
9.86022 0.0396882 98
9.91464 0.0396599 99
9.96451 0.0404561 100
