1.01502 0 1
1.02054 0.00552528 2
1.0164 0.00522838 3
1.01118 0.00639693 4
1.01015 0.00506034 5
1.00727 0.00503875 6
1.00477 0.00493582 7
1.00363 0.00442389 8
1.00361 0.00390161 9
1.00381 0.00349577 10
1.00613 0.00391864 11
1.00729 0.00376125 12
1.00618 0.00363205 13
1.00447 0.00377306 14
1.00153 0.00458028 15
1.00106 0.00431029 16
1.00141 0.00406391 17
1.00099 0.00385414 18
1.00046 0.00368487 19
1.00038 0.00349665 20
0.999515 0.00343647 21
0.99993 0.00330274 22
0.9988 0.00335206 23
0.998266 0.00325346 24
0.998225 0.00312088 25
0.999475 0.00324885 26
0.999963 0.00316401 27
0.999474 0.00308793 28
1.00015 0.00305585 29
0.999853 0.00296732 30
1.00008 0.00287917 31
0.9993 0.00289552 32
0.999463 0.00281114 33
0.999845 0.00275373 34
0.999252 0.00273884 35
0.999272 0.00266175 36
0.998907 0.00261434 37
0.999015 0.00254687 38
0.998995 0.00248079 39
0.999008 0.00241801 40
0.999368 0.00238561 41
0.999248 0.00233124 42
0.998972 0.00229297 43
0.999032 0.00224103 44
0.999203 0.00219738 45
0.998542 0.00224833 46
0.998425 0.00220313 47
0.998632 0.00216664 48
0.998686 0.00212265 49
0.998438 0.00209448 50
0.998828 0.00208966 51
0.998798 0.0020493 52
0.999366 0.00208913 53
0.999509 0.00205505 54
0.999295 0.00202871 55
0.999381 0.00199403 56
0.99969 0.00198295 57
0.999723 0.00194873 58
0.999737 0.00191548 59
0.999553 0.00189229 60
0.999936 0.00190015 61
1.00007 0.00187392 62
1.00018 0.00184716 63
1.00008 0.00182072 64
0.999903 0.00180116 65
0.999733 0.00178175 66
0.999869 0.00176021 67
0.999571 0.00175969 68
0.999243 0.00176468 69
0.999208 0.00173965 70
0.999419 0.00172798 71
0.999226 0.00171479 72
0.999208 0.00169123 73
0.999227 0.00166833 74
0.999135 0.00164851 75
0.999126 0.0016267 76
0.998928 0.00161755 77
0.998885 0.00159726 78
0.998925 0.00157742 79
0.99882 0.0015611 80
0.998501 0.00157433 81
0.998762 0.0015768 82
0.998992 0.0015745 83
0.998919 0.00155736 84
0.998704 0.00155379 85
0.998682 0.00153577 86
0.998604 0.00152005 87
0.998473 0.00150836 88
0.998477 0.00149132 89
0.998564 0.00147725 90
0.99849 0.00146282 91
0.998531 0.00144742 92
0.998766 0.00145081 93
0.998693 0.00143712 94
0.998547 0.00142942 95
0.998845 0.00144556 96
0.998866 0.00143073 97
0.999197 0.00145429 98
0.999249 0.00144044 99
