1.00092 0 1
1.00251 0.00159029 2
1.00184 0.00113779 3
1.00383 0.00214336 4
1.00362 0.00167276 5
1.00306 0.00147832 6
1.00275 0.00128597 7
1.00315 0.00118395 8
1.00279 0.00110531 9
1.00295 0.00100138 10
1.00329 0.000965651 11
1.00293 0.000951 12
1.00309 0.00089027 13
1.00287 0.000855273 14
1.00252 0.000866962 15
1.00229 0.000843783 16
1.0023 0.00079262 17
1.00232 0.000747804 18
1.00227 0.000709072 19
1.0025 0.00070944 20
1.00211 0.00077779 21
1.0019 0.000772124 22
1.00167 0.00077167 23
1.00175 0.000742563 24
1.0017 0.000714008 25
1.00143 0.000737203 26
1.00144 0.000709482 27
1.0014 0.000684785 28
1.00123 0.000681961 29
1.0012 0.000659535 30
1.00108 0.000649889 31
1.00112 0.00063106 32
1.00091 0.000649329 33
1.00069 0.000665256 34
1.00071 0.000646135 35
1.00059 0.000638834 36
1.00056 0.000621904 37
1.00046 0.000613593 38
1.00047 0.000597677 39
1.00034 0.000595509 40
1.00031 0.000581705 41
1.00033 0.000568153 42
1.00045 0.000565828 43
1.00062 0.000578711 44
1.00056 0.000568413 45
1.00052 0.000557838 46
1.00046 0.000548656 47
1.00055 0.000544901 48
1.0005 0.000536114 49
1.00054 0.000526925 50
1.00051 0.000517274 51
1.00054 0.000507818 52
1.00065 0.000511349 53
1.00059 0.000505549 54
1.00063 0.00049765 55
1.00042 0.000531016 56
1.00053 0.000533545 57
1.00053 0.000524281 58
1.00046 0.000519872 59
1.00049 0.000511824 60
1.00052 0.000504696 61
1.00049 0.000497515 62
1.00039 0.000500425 63
1.00034 0.000494765 64
1.00025 0.000495666 65
1.00028 0.000489236 66
1.00027 0.000481965 67
1.00021 0.000478697 68
1.00026 0.00047388 69
1.00032 0.000470572 70
1.00026 0.000467298 71
1.0003 0.000462199 72
1.00034 0.000457614 73
1.00026 0.000457979 74
1.00026 0.000451837 75
1.00028 0.000446486 76
1.0003 0.000441229 77
1.0003 0.000435543 78
1.0003 0.000430026 79
1.00032 0.00042544 80
1.0003 0.000420576 81
1.00031 0.00041547 82
1.00028 0.000411381 83
1.00026 0.000406976 84
1.00023 0.00040344 85
1.00021 0.000399302 86
1.00029 0.000403627 87
1.00028 0.000399115 88
1.00028 0.000394624 89
1.00025 0.000391382 90
1.00021 0.000388643 91
1.0001 0.000402277 92
1.00008 0.000398216 93
1.00017 0.000404188 94
1.0001 0.000405731 95
1.0001 0.000401523 96
1.00007 0.000397997 97
1 0.000400671 98
0.999989 0.000396776 99
