1 0 1
1.4107 0.00442164 2
1.73163 0.00624522 3
1.99737 0.00674205 4
2.23308 0.00873119 5
2.4451 0.00935688 6
2.64643 0.0106443 7
2.83507 0.0116186 8
3.00119 0.0125074 9
3.16481 0.0131713 10
3.31917 0.0144567 11
3.4666 0.0145895 12
3.60966 0.015565 13
3.73832 0.0161279 14
3.86829 0.0167432 15
3.9951 0.016753 16
4.1165 0.0167025 17
4.23852 0.0172643 18
4.35056 0.0182042 19
4.45612 0.0190133 20
4.56972 0.0194619 21
4.68543 0.019886 22
4.78076 0.0209195 23
4.88087 0.021201 24
4.98076 0.0218437 25
5.0791 0.0210668 26
5.16483 0.021027 27
5.26265 0.0222811 28
5.34786 0.0225691 29
5.44048 0.0231666 30
5.53097 0.0229222 31
5.61903 0.0228643 32
5.71251 0.0230575 33
5.79726 0.0229212 34
5.88089 0.0235443 35
5.96294 0.0243622 36
6.04428 0.0252061 37
6.12806 0.0251978 38
6.21088 0.0257632 39
6.28641 0.0253487 40
6.37093 0.0260233 41
6.44884 0.0269412 42
6.5223 0.0269331 43
6.59613 0.0277534 44
6.68169 0.0286516 45
6.75551 0.0288617 46
6.82508 0.0296217 47
6.89711 0.0294132 48
6.96259 0.0302182 49
7.03142 0.0311921 50
7.10281 0.0313439 51
7.17231 0.0324068 52
7.23583 0.0326163 53
7.30899 0.0324291 54
7.37498 0.0324123 55
7.43406 0.0329566 56
7.501 0.0333979 57
7.56221 0.033118 58
7.62711 0.0327857 59
7.69321 0.0327668 60
7.76193 0.0332374 61
7.82722 0.0329927 62
7.89274 0.0343572 63
7.95244 0.0334043 64
8.02467 0.0344566 65
8.08345 0.0341683 66
8.13748 0.0339871 67
8.201 0.0351417 68
8.25707 0.0345919 69
8.32321 0.0348389 70
8.39609 0.0351537 71
8.45473 0.0358833 72
8.51063 0.0360383 73
8.5725 0.0371263 74
8.6216 0.0367294 75
8.68322 0.0363323 76
8.7375 0.037153 77
8.79533 0.0367227 78
8.84739 0.0376975 79
8.90197 0.0381257 80
8.95163 0.0380935 81
9.0061 0.038102 82
9.06283 0.0389024 83
9.11958 0.0385248 84
9.17357 0.0392727 85
9.23442 0.0397173 86
9.27821 0.0391516 87
9.32977 0.0404316 88
9.3766 0.0403947 89
9.41932 0.0418681 90
9.46791 0.0427973 91
9.52518 0.042859 92
9.5805 0.0421753 93
9.63131 0.0418655 94
9.68345 0.041423 95
9.73539 0.0409027 96
9.77745 0.0403962 97
9.82656 0.0402435 98
9.88656 0.0399478 99
9.93572 0.0404611 100
