111.48
95.64
104.02
92.8
117.32
91.1
112.7
90.02
105.64
108.86
91.96
92.52
96.42
96.12
80.5
87.1
102.22
108.16
86.88
68.94
98.58
107.68
99.28
89.54
88.08
100.34
95.38
107.02
104.02
89.42
103.14
118.5
110.62
106
128.06
109.16
126.72
107.02
79.78
88.24
107.54
87.92
71.18
116.26
108.18
104.8
102.9
88.6
105.9
106.32
108.6
99.48
94.8
101.26
110
89.72
113.58
106.74
92.5
110.12
86.16
119.64
100.86
97.9
119.04
71.46
100.86
91.9
107.86
98.2
75.98
101.62
97.42
140.12
82.68
84.26
96.18
86.16
108.56
127.34
102.3
93.92
107.9
111.54
93.92
93
103.74
83.44
79.92
108.7
96.52
86.02
110.04
94.46
97.26
123.28
81.06
97.68
96.1
112.46
