0.73814 0.886816
0.928653 0.915046
0.890543 0.861737
0.7941 0.725
0.730014 0.71945
0.574261 0.475771
0.774059 0.424554
0.878971 0.391307
0.869923 0.348247
0.935185 0.306819
0.795701 0.0731898
0.820146 0.228816
0.601189 0.359322
0.535771 0.42089
0.439654 0.430862
0.405455 0.403555
0.454751 0.337964
0.35016 0.152405
0.233494 0.393062
0.076428 0.267984
0.0485053 0.389746
0.146305 0.515921
0.0101615 0.633584
0.0164665 0.774268
0.026898 0.909922
0.0686604 0.922126
0.115073 0.998102
0.26242 0.906654
0.404486 0.83264
0.45703 0.769573
0.460469 0.752738
0.576192 0.72187
0.640933 0.844267
0.660334 0.965945
0.73814 0.886816
