-0.580455 0.814292
-0.605139 0.79612
-0.632579 0.774496
-0.679482 0.733692
-0.776764 0.629792
-0.989884 0.14188
-0.93317 -0.359435
-0.89922 -0.437497
-0.89775 -0.440506
-0.612657 -0.790349
-0.429971 -0.902842
-0.242929 -0.970044
-0.040935 -0.999162
0.0145111 -0.999895
0.115205 -0.993342
0.130829 -0.991405
0.238728 -0.971086
0.920168 -0.391523
0.93058 -0.366088
0.999688 -0.0249749
0.998601 0.0528833
0.976362 0.216142
0.881632 0.471938
0.865584 0.500763
0.852343 0.522983
0.680012 0.733201
0.57702 0.81673
0.170719 0.98532
-0.130932 0.991391
-0.133573 0.991039
-0.231718 0.972783
-0.242557 0.970137
-0.424495 0.90543
-0.509808 0.860288
-0.580455 0.814292
