3.04529
1.01574
2.66168
2.56886
1.80766
3.36774
2.83678
3.20131
1.74156
1.74288
0.810087
2.89018
1.90286
1.9719
2.90349
2.16819
1.75482
3.37069
2.88436
2.66814
2.77211
4.03446
1.1193
2.35127
2.78629
1.66455
2.53652
2.29875
1.75247
1.49368
1.74815
3.76815
1.89522
1.7614
2.07794
2.39618
2.97345
1.63477
2.60356
2.5518
1.62664
1.13538
2.00141
1.19746
1.79965
1.34247
3.52053
3.26937
1.95747
0.924578
2.56806
2.16868
2.62331
0.894046
1.77003
2.83345
4.16285
2.27607
3.62608
2.85025
3.19167
1.54375
2.85262
2.44678
2.96657
1.35556
1.82738
2.55743
2.1613
3.07489
4.39736
3.21231
2.94835
1.66178
1.25845
2.6928
1.65832
1.82592
2.97003
3.00098
1.18026
3.28612
2.49341
2.92937
1.6507
1.15912
1.38252
2.3503
3.60105
1.99497
1.35298
4.34976
3.39878
1.76662
2.32975
2.37496
3.5777
1.58299
1.97558
2.44747
3.84744
1.41791
1.90317
4.31252
2.25665
3.0189
2.68709
2.24015
