2.64585
2.61868
2.58105
2.60342
2.26918
2.13307
2.61663
2.85436
2.78935
2.74501
2.5689
2.56331
2.77216
2.60923
2.58099
2.61477
2.5879
2.1343
2.61754
2.60297
2.81404
2.7439
2.58659
2.5919
2.77294
2.25512
2.55407
2.61514
2.59724
2.21193
2.63666
2.58235
2.81266
2.66309
2.81695
2.59162
2.7401
2.62506
2.57171
2.60425
2.18819
2.57196
2.61671
2.85422
2.61129
2.81429
2.57068
2.57569
2.84131
2.61677
2.57206
2.61681
2.59492
2.57422
2.61767
2.60327
2.58491
2.81317
2.58846
2.60372
2.84174
2.17628
2.5443
2.61711
2.60325
2.59473
2.6365
2.58308
2.58275
2.75142
2.81802
2.60397
2.7409
2.62564
2.25772
2.56294
2.18722
2.57979
2.57643
2.75321
2.59394
2.81531
2.59993
2.67533
2.84182
2.617
2.25828
2.60238
2.59435
2.5815
2.5767
2.58382
2.5641
2.81405
2.61459
2.7616
2.84232
2.17565
2.32402
2.60247
2.60307
2.60305
2.56821
2.56773
2.56192
2.75258
2.79305
2.76236
