3.32639
2.49427
2.13325
2.67712
1.17989
2.89339
2.59794
5.02328
0.392735
2.61255
2.15531
2.80285
2.03621
2.09306
1.49867
2.29381
4.27109
2.97833
1.94948
1.82558
1.38539
0.867704
1.03522
2.58938
1.74239
2.49283
2.34045
1.70548
1.31345
1.30877
3.49694
2.7378
1.16705
2.12106
0.639103
3.25916
2.11348
2.37783
0.553926
2.36999
1.31079
2.09859
1.51414
3.08865
1.45747
1.06864
1.44509
3.60603
2.56537
2.12059
2.03568
1.35332
1.25394
3.32125
3.49829
3.90048
2.06278
1.14445
4.50284
2.54535
2.0771
1.45397
2.56787
2.72648
2.17456
1.18947
2.08043
1.0358
1.14971
3.65435
1.17946
2.45642
2.63295
1.31051
2.77928
1.63991
1.08874
2.49838
3.32333
2.34823
2.2396
2.51093
1.21838
3.39849
1.34235
1.72941
1.26825
2.30705
3.28841
2.01218
3.40646
2.32863
3.00217
2.09997
1.40996
1.77417
2.93418
1.7407
2.07911
2.0094
2.81859
1.7989
3.52212
2.66234
1.21091
2.01306
2.31191
1.47385
